File selected         : C:\tests\ae-tank-txt-summary\mistras-tank-sample-2.txt
File size             : 0.85 MB (893,414 bytes)

Total AEHits          : 10036
Total Channel Count   : 22
Total Channel Missing : 1

Channel         AEHits
      1            170
      2            161
      3            163
      4            164
      5            166
      6           5341
      7            193
      8            157
      9             30
     10            786
     11            605
     12            472
     13            456
     14             54
     15              3
     16            282
     17              0
     18             31
     19              5
     20            125
     21             45
     22            627

HIT DRIVEN DATA:
           Chan          Minimum          Maximum          Average           StdDev
DayTime       1          16.3923        1387.1133         500.6648         491.4022
PARA1         1          -0.0174           0.0174           0.0012           0.0066
RISE          1           0.0000         459.0000         199.2588         108.2075
COUN          1           1.0000           3.0000           1.0294           0.2289
ENER          1           0.0000          54.0000          18.7882          11.3733
DURATION      1           0.0000         962.0000         483.9471         256.3736
AMP           1          45.0000          53.0000          47.4824           2.0242
ASL           1          19.0000          31.0000          21.8176           2.8403
A-FRQ         1           0.0000         167.0000           6.5647          23.8243
FRQ-C         1          18.0000         488.0000         384.5882          53.2325
DayTime       2          16.3923        1388.3585         500.7564         496.2025
PARA1         2          -0.0174           0.0174           0.0012           0.0069
RISE          2           0.0000         479.0000         195.3851         106.3324
COUN          2           1.0000           3.0000           1.0311           0.2351
ENER          2           0.0000          52.0000          17.9689          11.0530
DURATION      2           0.0000         944.0000         475.0994         241.9461
AMP           2          45.0000          53.0000          47.4161           1.9607
ASL           2          15.0000          30.0000          19.1180           4.0641
A-FRQ         2           0.0000        1000.0000          10.5528          79.5769
FRQ-C         2          20.0000         618.0000         393.8075          74.2026
DayTime       3          16.3922        1388.3575         511.4170         500.0889
PARA1         3          -0.0174           0.0174           0.0012           0.0068
RISE          3           0.0000         439.0000         190.8037         106.5007
COUN          3           1.0000          35.0000           1.5644           3.8442
ENER          3           0.0000          52.0000          18.2025          10.9939
DURATION      3           0.0000         955.0000         482.5828         237.7386
AMP           3          45.0000          53.0000          47.5706           2.0697
ASL           3          15.0000          31.0000          20.8528           3.1432
A-FRQ         3           0.0000         154.0000           4.6994          13.7980
FRQ-C         3          20.0000         578.0000         397.4601          83.7729
DayTime       4          16.3923        1387.1133         504.5023         494.3460
PARA1         4          -0.0174           0.0174           0.0010           0.0068
RISE          4           0.0000         421.0000         198.3110          99.7105
COUN          4           1.0000           1.0000           1.0000           0.0000
ENER          4           0.0000          53.0000          19.0610          10.9889
DURATION      4           0.0000         956.0000         479.2012         254.8675
AMP           4          45.0000          53.0000          47.4756           2.0106
ASL           4          19.0000          31.0000          21.5915           2.9636
A-FRQ         4           0.0000          45.0000           2.8963           4.2910
FRQ-C         4          22.0000         470.0000         384.8354          59.9297
DayTime       5          16.3923        1387.1133         507.7934         495.7235
PARA1         5          -0.0174           0.0174           0.0009           0.0068
RISE          5           0.0000         447.0000         185.1807         109.1614
COUN          5           1.0000           6.0000           1.0301           0.3881
ENER          5           0.0000          53.0000          18.9819          10.9015
DURATION      5           0.0000         957.0000         482.7470         251.7606
AMP           5          45.0000          53.0000          47.4699           2.0051
ASL           5          19.0000          31.0000          21.4639           2.9535
A-FRQ         5           0.0000          72.0000           3.0241           6.0412
FRQ-C         5          16.0000         509.0000         384.0361          60.5006
DayTime       6           0.8789        1393.5988         681.1553         502.4977
PARA1         6          -0.0180           0.0223           0.0005           0.0068
RISE          6           0.0000        1737.0000          81.6343         154.5750
COUN          6           1.0000         111.0000           4.4585           5.7316
ENER          6           0.0000          99.0000           3.7500           7.0885
DURATION      6           0.0000        2512.0000         159.1524         241.4895
AMP           6          45.0000          92.0000          66.1648           9.7364
ASL           6          15.0000          44.0000          23.1352           7.0624
A-FRQ         6           0.0000        1000.0000         133.7253         200.5605
FRQ-C         6          16.0000         951.0000         360.3584         167.0096
DayTime       7          16.3923        1388.3567         527.6417         495.5538
PARA1         7          -0.0174           0.0174           0.0007           0.0069
RISE          7           0.0000        1392.0000         206.3523         141.6031
COUN          7           1.0000         298.0000           5.9534          36.4213
ENER          7           0.0000         186.0000          20.0881          22.7559
DURATION      7           0.0000        2875.0000         527.3782         419.8936
AMP           7          45.0000          71.0000          47.7824           3.4947
ASL           7          15.0000          31.0000          20.6839           3.4699
A-FRQ         7           0.0000        1000.0000          16.6684         102.2952
FRQ-C         7          20.0000         479.0000         369.8446          66.4287
DayTime       8          16.3922        1388.3580         499.7892         497.3499
PARA1         8          -0.0174           0.0174           0.0010           0.0069
RISE          8           0.0000         475.0000         193.2229         102.6343
COUN          8           1.0000          37.0000           1.5860           4.2442
ENER          8           0.0000          51.0000          18.1338          10.5235
DURATION      8           0.0000         932.0000         462.8280         240.5778
AMP           8          45.0000          53.0000          47.5096           2.0928
ASL           8          15.0000          30.0000          19.2866           4.0399
A-FRQ         8           0.0000          66.0000           3.8535           8.3741
FRQ-C         8          22.0000         654.0000         404.1592          65.0460
DayTime       9           0.8787        1347.4736         436.8412         445.7824
PARA1         9          -0.0113           0.0149           0.0024           0.0064
RISE          9           0.0000         169.0000          26.3000          43.7194
COUN          9           1.0000          22.0000           3.6000           4.2149
ENER          9           0.0000           6.0000           0.7333           1.1725
DURATION      9           0.0000         314.0000          67.9333          71.3403
AMP           9          45.0000          50.0000          46.0333           1.3515
ASL           9          19.0000          21.0000          20.4667           0.8996
A-FRQ         9           0.0000         250.0000          86.0000          74.5654
FRQ-C         9         323.0000         510.0000         393.5333          44.1914
DayTime      10           0.2067        1393.1499         535.4618         442.3570
PARA1        10          -0.0165           0.0204           0.0005           0.0069
RISE         10           0.0000         511.0000          38.9898          77.6098
COUN         10           1.0000         137.0000           4.4873           9.4156
ENER         10           0.0000          47.0000           1.3244           3.7195
DURATION     10           0.0000        2733.0000         106.7494         242.6665
AMP          10          45.0000          56.0000          46.3817           1.8392
ASL          10          26.0000          36.0000          26.8868           0.7323
A-FRQ        10           0.0000        1000.0000         108.2710         167.4599
FRQ-C        10          18.0000         487.0000         331.3499          72.6946
DayTime      11           0.2463        1391.8705         503.2462         431.4431
PARA1        11          -0.0186           0.0180           0.0003           0.0069
RISE         11           0.0000         472.0000          39.6612          69.0157
COUN         11           1.0000         276.0000           5.4165          18.7644
ENER         11           0.0000         109.0000           1.7190           7.4305
DURATION     11           0.0000        3541.0000         120.8612         279.8889
AMP          11          45.0000          66.0000          46.6331           2.3433
ASL          11          23.0000          31.0000          23.9934           1.0516
A-FRQ        11           0.0000        1000.0000          99.4215         194.1656
FRQ-C        11          17.0000         548.0000         389.0281          61.0341
DayTime      12           1.0530        1393.1107         505.6903         426.6490
PARA1        12          -0.0165           0.0189           0.0006           0.0069
RISE         12           0.0000         750.0000          66.8962         110.2013
COUN         12           1.0000         127.0000           7.1949          12.4063
ENER         12           0.0000          50.0000           2.8347           5.2720
DURATION     12           0.0000        2930.0000         217.0890         351.0584
AMP          12          45.0000          58.0000          47.0699           2.3812
ASL          12          25.0000          39.0000          25.2945           0.9926
A-FRQ        12           0.0000        1000.0000          78.6864         150.0945
FRQ-C        12          17.0000         486.0000         316.0445          70.7146
DayTime      13           1.3677        1393.2628         507.5284         432.2971
PARA1        13          -0.0177           0.0201           0.0006           0.0071
RISE         13           0.0000         372.0000          28.2215          44.1480
COUN         13           1.0000          24.0000           3.4956           3.3348
ENER         13           0.0000           7.0000           0.6031           1.1224
DURATION     13           0.0000         402.0000          56.3531          73.2688
AMP          13          45.0000          57.0000          46.7895           2.0498
ASL          13          19.0000          34.0000          20.7434           1.2377
A-FRQ        13           0.0000        1000.0000         105.9364         140.9789
FRQ-C        13          18.0000         533.0000         370.4101          64.8375
DayTime      14          19.5887        1369.5791         429.1418         345.0981
PARA1        14          -0.0110           0.0217           0.0005           0.0064
RISE         14           0.0000         407.0000          27.4444          66.6123
COUN         14           1.0000         124.0000           8.9815          22.3129
ENER         14           0.0000          49.0000           3.3148          10.0861
DURATION     14           0.0000        2266.0000         156.1481         469.2699
AMP          14          45.0000          59.0000          47.8333           3.5222
ASL          14          19.0000          29.0000          19.1852           1.3608
A-FRQ        14           0.0000        1000.0000         129.0185         185.6793
FRQ-C        14          31.0000         601.0000         417.1296         122.7924
DayTime      15         206.8540         517.8183         395.6908         165.8683
PARA1        15          -0.0015           0.0119           0.0037           0.0072
RISE         15         146.0000         202.0000         171.3333          28.3784
COUN         15           4.0000          28.0000          17.0000          12.1244
ENER         15           3.0000          13.0000           7.6667           5.0332
DURATION     15         365.0000        1246.0000         750.6667         450.6222
AMP          15          47.0000          51.0000          49.0000           2.0000
ASL          15          15.0000          15.0000          15.0000           0.0000
A-FRQ        15          11.0000          30.0000          21.0000           9.5394
FRQ-C        15         281.0000         347.0000         309.0000          34.1174
DayTime      16           4.0630        1392.1653         476.9218         440.3652
PARA1        16          -0.0146           0.0210           0.0005           0.0065
RISE         16           0.0000         347.0000          35.0745          53.7133
COUN         16           1.0000          63.0000           4.8723           6.8667
ENER         16           0.0000          24.0000           1.2021           2.3977
DURATION     16           0.0000         889.0000          97.6028         136.9133
AMP          16          45.0000          57.0000          46.7447           2.0014
ASL          16          19.0000          32.0000          21.1135           1.0442
A-FRQ        16           0.0000        1000.0000          94.8440         173.0175
FRQ-C        16          38.0000         575.0000         399.4787          61.7641
DayTime      17           0.0000           0.0000           0.0000           0.0000
PARA1        17           0.0000           0.0000           0.0000           0.0000
RISE         17           0.0000           0.0000           0.0000           0.0000
COUN         17           0.0000           0.0000           0.0000           0.0000
ENER         17           0.0000           0.0000           0.0000           0.0000
DURATION     17           0.0000           0.0000           0.0000           0.0000
AMP          17           0.0000           0.0000           0.0000           0.0000
ASL          17           0.0000           0.0000           0.0000           0.0000
A-FRQ        17           0.0000           0.0000           0.0000           0.0000
FRQ-C        17           0.0000           0.0000           0.0000           0.0000
DayTime      18          20.0049        1214.4096         367.2675         336.1517
PARA1        18          -0.0171           0.0122          -0.0003           0.0067
RISE         18           0.0000         310.0000          40.1613          74.8973
COUN         18           1.0000          16.0000           4.5484           4.6964
ENER         18           0.0000           5.0000           1.1613           1.6552
DURATION     18           0.0000         337.0000          78.0968         108.1115
AMP          18          45.0000          51.0000          47.0645           1.8246
ASL          18          19.0000          19.0000          19.0000           0.0000
A-FRQ        18           0.0000         333.0000          88.5484          87.5632
FRQ-C        18          18.0000         440.0000         315.7419          90.4068
DayTime      19         157.7722        1304.5107         538.7336         452.6838
PARA1        19          -0.0040           0.0101           0.0043           0.0060
RISE         19           0.0000          79.0000          22.4000          33.0197
COUN         19           1.0000          29.0000           7.0000          12.3085
ENER         19           0.0000          15.0000           3.0000           6.7082
DURATION     19           0.0000        1242.0000         266.6000         546.2845
AMP          19          45.0000          52.0000          46.4000           3.1305
ASL          19          15.0000          19.0000          15.8000           1.7889
A-FRQ        19           0.0000         182.0000          46.0000          76.9708
FRQ-C        19         252.0000         475.0000         382.2000          88.4743
DayTime      20           6.6856        1390.7224         484.2030         413.5826
PARA1        20          -0.0162           0.0162           0.0013           0.0073
RISE         20           0.0000         216.0000          22.5520          39.5997
COUN         20           1.0000          37.0000           4.3040           5.2918
ENER         20           0.0000          15.0000           0.9760           2.1382
DURATION     20           0.0000         739.0000          79.2240         120.5886
AMP          20          45.0000          58.0000          46.8320           2.3166
ASL          20          19.0000          29.0000          19.0800           0.8944
A-FRQ        20           0.0000        1000.0000         127.5680         156.6974
FRQ-C        20          20.0000         558.0000         350.9600          72.0507
DayTime      21          74.9094        1388.9806         798.1795         411.6348
PARA1        21          -0.0122           0.0162          -0.0003           0.0064
RISE         21           1.0000         150.0000          17.4000          25.9934
COUN         21           1.0000          24.0000           3.6889           3.9819
ENER         21           0.0000          10.0000           0.9333           1.6153
DURATION     21           1.0000         401.0000          54.7333          71.5683
AMP          21          45.0000          53.0000          47.0000           2.0449
ASL          21          19.0000          21.0000          19.1778           0.5756
A-FRQ        21          31.0000        1000.0000         203.9111         290.1203
FRQ-C        21         109.0000         182.0000         163.8889          14.0393
DayTime      22          51.7333        1376.7280         261.3623         225.2716
PARA1        22          -0.0174           0.0210           0.0008           0.0069
RISE         22           1.0000         649.0000          12.8708          43.3658
COUN         22           1.0000          18.0000           2.6587           1.8519
ENER         22           0.0000           8.0000           0.3078           0.7909
DURATION     22           1.0000         831.0000          35.7352          78.4815
AMP          22          45.0000          59.0000          47.2727           2.2154
ASL          22          15.0000          28.0000          21.8884           3.7850
A-FRQ        22           3.0000        1000.0000         202.4769         231.2603
FRQ-C        22         111.0000         175.0000         147.7161          11.1299

Channel wise Hits     22 [170, 161, 163, 164, 166, 5341, 193, 157, 30, 786, 605, 472, 456, 54, 3, 282, 0, 31, 5, 125, 45, 627]
Channel ideal list    22 [1, 2, 3, 4, 5, 6, 7, 8, 9, 10, 11, 12, 13, 14, 15, 16, 17, 18, 19, 20, 21, 22]
Channel present list  21 [1, 2, 3, 4, 5, 6, 7, 8, 9, 10, 11, 12, 13, 14, 15, 16, 18, 19, 20, 21, 22]
Channel missing list   1 [17]
Channel unique list   21 [11, 9, 10, 12, 13, 20, 1, 14, 7, 16, 22, 6, 21, 8, 18, 5, 4, 2, 3, 19, 15]
Channel difference     1 [17]

Time Start : 2024-07-17 14:18:27.689595
Time Stop  : 2024-07-17 14:18:31.095613
Time Taken : 0:00:03.406018
